[EnergyScaleCoefficients]
c0 = -1.534248330296409
c1 = 0.03636407488444899
c2 = -0.0001031942102578143
c3 = 1.587405622061762e-7
