[EnergyScaleCoefficients]
c0 = -3.773365167285961
c1 = 0.04696056580188213
c2 = -0.0001345372207283992
c3 = 1.774027873917722e-7
