[EnergyScaleCoefficients]
c0 = -2.417428225611349
c1 = 0.04156793777963114
c2 = -0.0001270950909206356
c3 = 1.96223402266477e-7
