[EnergyScaleCoefficients]
c0 = -0.9585469791978988
c1 = 0.03310953678635532
c2 = -0.000100672083230484
c3 = 1.754792553212954e-7
